           1           1  -1.3024512073828212     
           1           2 -0.98769749646891281     
           1           3  -2.0335597697270775     
           1           4  -1.6989689933049348     
           1           5 -0.27210722284918665     
           1           6  0.74094902312867550     
           1           7 -4.09679997076125291E-002
           1           8 -2.61601961296664409E-002
           1           9 -2.16851887761994079E-002
           1          10 -4.64726106963107670E-003
           1          11 -1.48078315442506589E-002
           1          12 -1.36408951922245558E-003
           1          13  4.90791546364254851E-003
           1          14  1.14648397131354961E-002
           1          15 -6.56760564982892549E-005
           1          16 -6.19785387925855612E-005
           1          17 -3.50908295763550087E-007
           1          18 -1.29653514254834439E-005
           1          19 -5.84876500923560670E-007
           1          20  5.22930467091454344E-006
           1          21  1.86654180688754695E-005
           1          22 -1.42101724860706854E-008
           1          23 -1.39557653540244354E-008
           1          24 -2.65658367398099286E-021
           1          25 -1.91949017395442759E-009
           1          26 -7.26214446718616168E-011
           1          27  7.22884773902241125E-010
           1          28  2.78778581664897381E-009
           2           1 -0.98769749646891281     
           2           2 -0.60157876004031241     
           2           3 -0.83105312400581355     
           2           4 -0.98641260197955460     
           2           5  1.31547761527561896E-002
           2           6  0.58521994989507897     
           2           7 -1.80005935444351069E-002
           2           8 -2.15675150749087656E-002
           2           9 -2.16398238923358119E-002
           2          10 -3.11979387770283060E-003
           2          11 -1.15744083570194379E-002
           2          12  5.01712972014100472E-004
           2          13  5.19023457152140849E-003
           2          14  8.71106547171014017E-003
           2          15 -6.19866320544708538E-005
           2          16 -6.34874093356014088E-005
           2          17 -3.32885977682073999E-007
           2          18 -1.24869809500694751E-005
           2          19 -4.59130328032960495E-008
           2          20  5.33298646470130817E-006
           2          21  1.78909163465170271E-005
           2          22 -1.39557653540244287E-008
           2          23 -1.42074576639054509E-008
           2          24 -1.73352578559718274E-021
           2          25 -1.85420443370732047E-009
           2          26 -2.28319713316768275E-011
           2          27  7.30187938230683379E-010
           2          28  2.68135816680962915E-009
           3           1  -2.0335597697270775     
           3           2 -0.83105312400581355     
           3           3  -20.371640549252650     
           3           4  -5.2175309697167442     
           3           5 -9.64318057986210571E-003
           3           6  2.99531564153510330E-002
           3           7 -3.15682613037930021E-005
           3           8 -4.65496751417237946E-003
           3           9 -3.12521170224524343E-003
           3          10 -3.83289285694277107E-006
           3          11 -1.39650875365449133E-004
           3          12 -8.63352162231109518E-006
           3          13  3.86404927393821902E-005
           3          14  2.63811527874083121E-004
           3          15 -3.50515522845740428E-007
           3          16 -3.32602386144551705E-007
           3          17 -2.23574538767410067E-009
           3          18 -8.42945130073293315E-008
           3          19 -4.16711276858441131E-009
           3          20  3.03730442716186880E-008
           3          21  1.20399082813583085E-007
           3          22 -2.65659142982780371E-021
           3          23 -1.73353083069435401E-021
           3          24   0.0000000000000000     
           3          25 -6.38825995042954300E-045
           3          26 -2.81696935656913980E-049
           3          27  1.69512021568300533E-048
           3          28  7.03175505002923624E-044
           4           1  -1.6989689933049348     
           4           2 -0.98641260197955460     
           4           3  -5.2175309697167442     
           4           4  -2.6953319163354967     
           4           5 -7.92492847605222039E-002
           4           6  0.29131179594491746     
           4           7 -4.22162668962855502E-004
           4           8 -1.47405417791509619E-002
           4           9 -1.15516569434728506E-002
           4          10 -1.39652005086495634E-004
           4          11 -4.52971965801610751E-003
           4          12 -6.61738296741024967E-005
           4          13  6.25736354671561001E-004
           4          14  6.53521349559164737E-003
           4          15 -1.26646575062851857E-005
           4          16 -1.22691435875271973E-005
           4          17 -8.42945130079698075E-008
           4          18 -3.05288656877447654E-006
           4          19 -1.28706565013445139E-007
           4          20  1.19009628965712184E-006
           4          21  4.28501080538335501E-006
           4          22 -1.91949017397633836E-009
           4          23 -1.85420443372320917E-009
           4          24 -6.38825175137679354E-045
           4          25 -1.85406010640621482E-023
           4          26 -3.05906925930328308E-027
           4          27  5.18946198094377762E-026
           4          28  1.07478267645927257E-022
           5           1 -0.27210722284918665     
           5           2  1.31547761527561896E-002
           5           3 -9.64318057986210571E-003
           5           4 -7.92492847605222039E-002
           5           5 -0.31822997931626756     
           5           6  0.19925129417886966     
           5           7 -5.85895218503001414E-002
           5           8 -1.94461053026327257E-003
           5           9  8.54028324953045513E-005
           5          10 -8.10151975328209780E-006
           5          11 -1.92290784303319085E-004
           5          12 -8.97671096478412666E-004
           5          13  8.60842895062831207E-005
           5          14  2.70504344925515854E-004
           5          15 -6.90592777549260904E-007
           5          16 -1.23060460494492030E-007
           5          17 -4.20471743029533477E-009
           5          18 -1.54388809702467785E-007
           5          19 -9.95862517611264552E-008
           5          20  1.96180561324501205E-008
           5          21  2.32664856936383230E-007
           5          22 -7.26214446745724945E-011
           5          23 -2.28319713297818407E-011
           5          24 -2.81695477513714482E-049
           5          25 -3.05906925930328308E-027
           5          26 -5.62922985247019077E-024
           5          27  1.45402151707119323E-028
           5          28  1.79644546733506908E-026
           6           1  0.74094902312867550     
           6           2  0.58521994989507897     
           6           3  2.99531564153510330E-002
           6           4  0.29131179594491746     
           6           5  0.19925129417886966     
           6           6 -0.65063254751582045     
           6           7  8.77221937628157172E-002
           6           8  5.77524027172871251E-003
           6           9  5.80581033096556984E-003
           6          10  3.78440237399619604E-005
           6          11  8.14548174529674900E-004
           6          12  8.60842895062828768E-005
           6          13 -1.24347311466110650E-003
           6          14 -9.52499198307927577E-004
           6          15  5.38698505954555821E-006
           6          16  5.44544960922913539E-006
           6          17  3.04293428290512357E-008
           6          18  1.22854560050941959E-006
           6          19  1.96180561324501205E-008
           6          20 -5.09622683108437765E-007
           6          21 -1.77519176973952802E-006
           6          22  7.22884773907185184E-010
           6          23  7.30187938236916909E-010
           6          24  1.69514795041724229E-048
           6          25  5.18946198094377991E-026
           6          26  1.45402151707119323E-028
           6          27 -5.63778394632868491E-024
           6          28 -3.04752219400108456E-025
           7           1 -4.09679997076125291E-002
           7           2 -1.80005935444351069E-002
           7           3 -3.15682613037930021E-005
           7           4 -4.22162668962855502E-004
           7           5 -5.85895218503001414E-002
           7           6  8.77221937628157172E-002
           7           7 -0.22450075861241783     
           7           8 -1.15024094732001370E-002
           7           9 -8.79070454470270470E-003
           7          10 -2.63815775511005003E-004
           7          11 -6.53533961430120824E-003
           7          12 -2.42702567543527164E-005
           7          13  5.83857501354837220E-004
           7          14  8.56416028754422055E-003
           7          15 -1.80664605414856976E-005
           7          16 -1.74572070634718094E-005
           7          17 -1.20399082815004803E-007
           7          18 -4.28501163162309861E-006
           7          19 -1.81875820112746321E-007
           7          20  1.69915467021135830E-006
           7          21  5.98361394791511371E-006
           7          22 -2.78778581672396187E-009
           7          23 -2.68135816686400594E-009
           7          24 -7.03174594951800779E-044
           7          25 -1.07478263252634623E-022
           7          26 -1.79644474188890297E-026
           7          27  3.04752357384201004E-025
           7          28  6.17001344852247752E-022
           8           1 -2.61601961296664409E-002
           8           2 -2.15675150749087656E-002
           8           3 -4.65496751417237946E-003
           8           4 -1.47405417791509619E-002
           8           5 -1.94461053026327257E-003
           8           6  5.77524027172871251E-003
           8           7 -1.15024094732001370E-002
           8           8  -1.3027696761991117     
           8           9 -0.98796837894862710     
           8          10  -2.0336534079159847     
           8          11  -1.6994406554867989     
           8          12 -0.27208065732214892     
           8          13  0.74100944659637391     
           8          14 -4.07391349864712135E-002
           8          15 -2.61611750904090119E-002
           8          16 -2.16860163458381730E-002
           8          17 -4.64725446234359654E-003
           8          18 -1.48082879382609740E-002
           8          19 -1.36393973245711318E-003
           8          20  4.90773560064552798E-003
           8          21  1.14658059954049901E-002
           8          22 -6.56755441741019085E-005
           8          23 -6.19781105060136637E-005
           8          24 -3.50884350317786466E-007
           8          25 -1.29653332724963958E-005
           8          26 -5.84871826895278543E-007
           8          27  5.22929610286562500E-006
           8          28  1.86653728858405369E-005
           9           1 -2.16851887761994079E-002
           9           2 -2.16398238923358119E-002
           9           3 -3.12521170224524343E-003
           9           4 -1.15516569434728506E-002
           9           5  8.54028324953045513E-005
           9           6  5.80581033096556984E-003
           9           7 -8.79070454470270470E-003
           9           8 -0.98796837894862710     
           9           9 -0.60193508093788572     
           9          10 -0.83109147455712407     
           9          11 -0.98671464729480018     
           9          12  1.33031955956430352E-002
           9          13  0.58532318783792114     
           9          14 -1.78416161187276573E-002
           9          15 -2.15683600933259979E-002
           9          16 -2.16408927917245836E-002
           9          17 -3.11978958429240307E-003
           9          18 -1.15747381737803141E-002
           9          19  5.01904011872139079E-004
           9          20  5.19016028660874897E-003
           9          21  8.71175749808960134E-003
           9          22 -6.19862033671018036E-005
           9          23 -6.34869188768115216E-005
           9          24 -3.32870390829912586E-007
           9          25 -1.24869685086684028E-005
           9          26 -4.59134083543099378E-008
           9          27  5.33297728487038712E-006
           9          28  1.78908812675798085E-005
          10           1 -4.64726106963107670E-003
          10           2 -3.11979387770283060E-003
          10           3 -3.83289285694277107E-006
          10           4 -1.39652005086495634E-004
          10           5 -8.10151975328209780E-006
          10           6  3.78440237399619604E-005
          10           7 -2.63815775511005003E-004
          10           8  -2.0336534079159847     
          10           9 -0.83109147455712407     
          10          10  -20.372708835633357     
          10          11  -5.2177843005524807     
          10          12 -9.62706324126226878E-003
          10          13  2.99288685521871406E-002
          10          14 -1.87402444127010336E-006
          10          15 -4.65515303651573009E-003
          10          16 -3.12533234927935086E-003
          10          17 -3.83289285694277107E-006
          10          18 -1.39652025857720381E-004
          10          19 -8.63350824024953997E-006
          10          20  3.86404724455601746E-005
          10          21  2.63815853712623144E-004
          10          22 -3.50539466505469700E-007
          10          23 -3.32617971835543126E-007
          10          24 -2.23574538767410067E-009
          10          25 -8.42945130073302314E-008
          10          26 -4.16711276858441959E-009
          10          27  3.03730442716187211E-008
          10          28  1.20399082813589729E-007
          11           1 -1.48078315442506589E-002
          11           2 -1.15744083570194379E-002
          11           3 -1.39650875365449133E-004
          11           4 -4.52971965801610751E-003
          11           5 -1.92290784303319085E-004
          11           6  8.14548174529674900E-004
          11           7 -6.53533961430120824E-003
          11           8  -1.6994406554867989     
          11           9 -0.98671464729480018     
          11          10  -5.2177843005524807     
          11          11  -2.6964208915330325     
          11          12 -7.90463953657972312E-002
          11          13  0.29100997372263177     
          11          14 -2.36842930503830854E-005
          11          15 -1.47427657708217412E-002
          11          16 -1.15532663458901650E-002
          11          17 -1.39651980153881637E-004
          11          18 -4.53001032134402268E-003
          11          19 -6.61375942328422883E-005
          11          20  6.25681533611600871E-004
          11          21  6.53587253809509178E-003
          11          22 -1.26646646452896476E-005
          11          23 -1.22691479553030239E-005
          11          24 -8.42945130079689207E-008
          11          25 -3.05288656826244512E-006
          11          26 -1.28706565012602553E-007
          11          27  1.19009628967306533E-006
          11          28  4.28501162959480961E-006
          12           1 -1.36408951922245558E-003
          12           2  5.01712972014100472E-004
          12           3 -8.63352162231109518E-006
          12           4 -6.61738296741024967E-005
          12           5 -8.97671096478412666E-004
          12           6  8.60842895062828768E-005
          12           7 -2.42702567543527164E-005
          12           8 -0.27208065732214892     
          12           9  1.33031955956430352E-002
          12          10 -9.62706324126226878E-003
          12          11 -7.90463953657972312E-002
          12          12 -0.31925910659924739     
          12          13  0.19921487944847224     
          12          14 -5.86538810659998702E-002
          12          15 -1.94434535406677708E-003
          12          16  8.60547320561877904E-005
          12          17 -8.10151771122522758E-006
          12          18 -1.92252839754804744E-004
          12          19 -8.97763959011442514E-004
          12          20  8.60806989101762501E-005
          12          21  2.70419808908450464E-004
          12          22 -6.90591432429304619E-007
          12          23 -1.23057605603146313E-007
          12          24 -4.20471743029533477E-009
          12          25 -1.54388809701626655E-007
          12          26 -9.95862516008068485E-008
          12          27  1.96180561324939511E-008
          12          28  2.32664856956665381E-007
          13           1  4.90791546364254851E-003
          13           2  5.19023457152140849E-003
          13           3  3.86404927393821902E-005
          13           4  6.25736354671561001E-004
          13           5  8.60842895062831207E-005
          13           6 -1.24347311466110650E-003
          13           7  5.83857501354837220E-004
          13           8  0.74100944659637391     
          13           9  0.58532318783792114     
          13          10  2.99288685521871406E-002
          13          11  0.29100997372263177     
          13          12  0.19921487944847224     
          13          13 -0.65163381954705180     
          13          14  8.78116273596764030E-002
          13          15  5.77506335252089918E-003
          13          16  5.80599977941474027E-003
          13          17  3.78440208252926136E-005
          13          18  8.14490710405938356E-004
          13          19  8.60806989101761823E-005
          13          20 -1.24356303066968537E-003
          13          21 -9.52370921013140663E-004
          13          22  5.38698393449358961E-006
          13          23  5.44545037475616111E-006
          13          24  3.04293428290512357E-008
          13          25  1.22854560052550369E-006
          13          26  1.96180561324940040E-008
          13          27 -5.09622682947285723E-007
          13          28 -1.77519177252921536E-006
          14           1  1.14648397131354961E-002
          14           2  8.71106547171014017E-003
          14           3  2.63811527874083121E-004
          14           4  6.53521349559164737E-003
          14           5  2.70504344925515854E-004
          14           6 -9.52499198307927577E-004
          14           7  8.56416028754422055E-003
          14           8 -4.07391349864712135E-002
          14           9 -1.78416161187276573E-002
          14          10 -1.87402444127010336E-006
          14          11 -2.36842930503830854E-005
          14          12 -5.86538810659998702E-002
          14          13  8.78116273596764030E-002
          14          14 -0.22573116899461404     
          14          15 -1.15048319721389371E-002
          14          16 -8.79243271368910888E-003
          14          17 -2.63815677028959460E-004
          14          18 -6.53586536733358116E-003
          14          19 -2.42029149938201079E-005
          14          20  5.83755908547112256E-004
          14          21  8.56529331560912724E-003
          14          22 -1.80664801020180941E-005
          14          23 -1.74572233730274916E-005
          14          24 -1.20399082814998239E-007
          14          25 -4.28501080340241515E-006
          14          26 -1.81875820085872004E-007
          14          27  1.69915466754705915E-006
          14          28  5.98361394022695987E-006
          15           1 -6.56760564982892549E-005
          15           2 -6.19866320544708538E-005
          15           3 -3.50515522845740428E-007
          15           4 -1.26646575062851857E-005
          15           5 -6.90592777549260904E-007
          15           6  5.38698505954555821E-006
          15           7 -1.80664605414856976E-005
          15           8 -2.61611750904090119E-002
          15           9 -2.15683600933259979E-002
          15          10 -4.65515303651573009E-003
          15          11 -1.47427657708217412E-002
          15          12 -1.94434535406677708E-003
          15          13  5.77506335252089918E-003
          15          14 -1.15048319721389371E-002
          15          15  -1.3026364238943522     
          15          16 -0.98788143680577800     
          15          17  -2.0336490732144745     
          15          18  -1.6993876552618317     
          15          19 -0.27204901042485452     
          15          20  0.74095210549479662     
          15          21 -4.07038365086506079E-002
          15          22 -2.61521840914099545E-002
          15          23 -2.16787841032689624E-002
          15          24 -4.64704861629490051E-003
          15          25 -1.48046140874760288E-002
          15          26 -1.36296291015445279E-003
          15          27  4.90594418197193988E-003
          15          28  1.14617707191401880E-002
          16           1 -6.19785387925855612E-005
          16           2 -6.34874093356014088E-005
          16           3 -3.32602386144551705E-007
          16           4 -1.22691435875271973E-005
          16           5 -1.23060460494492030E-007
          16           6  5.44544960922913539E-006
          16           7 -1.74572070634718094E-005
          16           8 -2.16860163458381730E-002
          16           9 -2.16408927917245836E-002
          16          10 -3.12533234927935086E-003
          16          11 -1.15532663458901650E-002
          16          12  8.60547320561877904E-005
          16          13  5.80599977941474027E-003
          16          14 -8.79243271368910888E-003
          16          15 -0.98788143680577800     
          16          16 -0.60180749226490238     
          16          17 -0.83108979040588105     
          16          18 -0.98668476403680094     
          16          19  1.33053294524862788E-002
          16          20  0.58528416457919707     
          16          21 -1.78208344508626326E-002
          16          22 -2.15610634614077749E-002
          16          23 -2.16323883361852799E-002
          16          24 -3.11965568263685225E-003
          16          25 -1.15720763472573415E-002
          16          26  5.01871293131789221E-004
          16          27  5.18838075494152794E-003
          16          28  8.70887228806888763E-003
          17           1 -3.50908295763550087E-007
          17           2 -3.32885977682073999E-007
          17           3 -2.23574538767410067E-009
          17           4 -8.42945130079698075E-008
          17           5 -4.20471743029533477E-009
          17           6  3.04293428290512357E-008
          17           7 -1.20399082815004803E-007
          17           8 -4.64725446234359654E-003
          17           9 -3.11978958429240307E-003
          17          10 -3.83289285694277107E-006
          17          11 -1.39651980153881637E-004
          17          12 -8.10151771122522758E-006
          17          13  3.78440208252926136E-005
          17          14 -2.63815677028959460E-004
          17          15  -2.0336490732144745     
          17          16 -0.83108979040588105     
          17          17  -20.372665391265592     
          17          18  -5.2177740170996127     
          17          19 -9.62506075371899646E-003
          17          20  2.99260346157672191E-002
          17          21  2.64688945964907584E-006
          17          22 -4.65514272167414939E-003
          17          23 -3.12532564008227796E-003
          17          24 -3.83289285694277107E-006
          17          25 -1.39651943613249057E-004
          17          26 -8.63350619589497092E-006
          17          27  3.86404695745929777E-005
          17          28  2.63815551866714850E-004
          18           1 -1.29653514254834439E-005
          18           2 -1.24869809500694751E-005
          18           3 -8.42945130073293315E-008
          18           4 -3.05288656877447654E-006
          18           5 -1.54388809702467785E-007
          18           6  1.22854560050941959E-006
          18           7 -4.28501163162309861E-006
          18           8 -1.48082879382609740E-002
          18           9 -1.15747381737803141E-002
          18          10 -1.39652025857720381E-004
          18          11 -4.53001032134402268E-003
          18          12 -1.92252839754804744E-004
          18          13  8.14490710405938356E-004
          18          14 -6.53586536733358116E-003
          18          15  -1.6993876552618317     
          18          16 -0.98668476403680094     
          18          17  -5.2177740170996127     
          18          18  -2.6963774471652733     
          18          19 -7.90211169279773640E-002
          18          20  0.29097419947483832     
          18          21  3.33855455992509046E-005
          18          22 -1.47413866018751057E-002
          18          23 -1.15522722429183683E-002
          18          24 -1.39650729668952707E-004
          18          25 -4.52962344447113349E-003
          18          26 -6.60994269804511775E-005
          18          27  6.25628304498058096E-004
          18          28  6.53515107410273469E-003
          19           1 -5.84876500923560670E-007
          19           2 -4.59130328032960495E-008
          19           3 -4.16711276858441131E-009
          19           4 -1.28706565013445139E-007
          19           5 -9.95862517611264552E-008
          19           6  1.96180561324501205E-008
          19           7 -1.81875820112746321E-007
          19           8 -1.36393973245711318E-003
          19           9  5.01904011872139079E-004
          19          10 -8.63350824024953997E-006
          19          11 -6.61375942328422883E-005
          19          12 -8.97763959011442514E-004
          19          13  8.60806989101761823E-005
          19          14 -2.42029149938201079E-005
          19          15 -0.27204901042485452     
          19          16  1.33053294524862788E-002
          19          17 -9.62506075371899646E-003
          19          18 -7.90211169279773640E-002
          19          19 -0.31921568256917537     
          19          20  0.19921488481859551     
          19          21 -5.86538588276199757E-002
          19          22 -1.94398026841519989E-003
          19          23  8.60576301078960559E-005
          19          24 -8.10150428860525136E-006
          19          25 -1.92216389483143942E-004
          19          26 -8.97639367233183847E-004
          19          27  8.60842975954394457E-005
          19          28  2.70352067631469235E-004
          20           1  5.22930467091454344E-006
          20           2  5.33298646470130817E-006
          20           3  3.03730442716186880E-008
          20           4  1.19009628965712184E-006
          20           5  1.96180561324501205E-008
          20           6 -5.09622683108437765E-007
          20           7  1.69915467021135830E-006
          20           8  4.90773560064552798E-003
          20           9  5.19016028660874897E-003
          20          10  3.86404724455601746E-005
          20          11  6.25681533611600871E-004
          20          12  8.60806989101762501E-005
          20          13 -1.24356303066968537E-003
          20          14  5.83755908547112256E-004
          20          15  0.74095210549479662     
          20          16  0.58528416457919707     
          20          17  2.99260346157672191E-002
          20          18  0.29097419947483832     
          20          19  0.19921488481859551     
          20          20 -0.65159029365643406     
          20          21  8.78120503414629439E-002
          20          22  5.77440936996706424E-003
          20          23  5.80535583101152424E-003
          20          24  3.78440012855945138E-005
          20          25  8.14439975062041118E-004
          20          26  8.60842975954394999E-005
          20          27 -1.24344123198069038E-003
          20          28 -9.52276927102416702E-004
          21           1  1.86654180688754695E-005
          21           2  1.78909163465170271E-005
          21           3  1.20399082813583085E-007
          21           4  4.28501080538335501E-006
          21           5  2.32664856936383230E-007
          21           6 -1.77519176973952802E-006
          21           7  5.98361394791511371E-006
          21           8  1.14658059954049901E-002
          21           9  8.71175749808960134E-003
          21          10  2.63815853712623144E-004
          21          11  6.53587253809509178E-003
          21          12  2.70419808908450464E-004
          21          13 -9.52370921013140663E-004
          21          14  8.56529331560912724E-003
          21          15 -4.07038365086506079E-002
          21          16 -1.78208344508626326E-002
          21          17  2.64688945964907584E-006
          21          18  3.33855455992509046E-005
          21          19 -5.86538588276199757E-002
          21          20  8.78120503414629439E-002
          21          21 -0.22568778581201990     
          21          22 -1.15025489489152515E-002
          21          23 -8.79080672169262230E-003
          21          24 -2.63810977828956488E-004
          21          25 -6.53501168039365837E-003
          21          26 -2.41178915424838133E-005
          21          27  5.83636898962051616E-004
          21          28  8.56378634309920041E-003
          22           1 -1.42101724860706854E-008
          22           2 -1.39557653540244287E-008
          22           3 -2.65659142982780371E-021
          22           4 -1.91949017397633836E-009
          22           5 -7.26214446745724945E-011
          22           6  7.22884773907185184E-010
          22           7 -2.78778581672396187E-009
          22           8 -6.56755441741019085E-005
          22           9 -6.19862033671018036E-005
          22          10 -3.50539466505469700E-007
          22          11 -1.26646646452896476E-005
          22          12 -6.90591432429304619E-007
          22          13  5.38698393449358961E-006
          22          14 -1.80664801020180941E-005
          22          15 -2.61521840914099545E-002
          22          16 -2.15610634614077749E-002
          22          17 -4.65514272167414939E-003
          22          18 -1.47413866018751057E-002
          22          19 -1.94398026841519989E-003
          22          20  5.77440936996706424E-003
          22          21 -1.15025489489152515E-002
          22          22  -1.3008921741346346     
          22          23 -0.98671757464868814     
          22          24  -2.0335412240487072     
          22          25  -1.6984504593788154     
          22          26 -0.27169069920641198     
          22          27  0.74022313058807054     
          22          28 -4.03354308393943789E-002
          23           1 -1.39557653540244354E-008
          23           2 -1.42074576639054509E-008
          23           3 -1.73353083069435401E-021
          23           4 -1.85420443372320917E-009
          23           5 -2.28319713297818407E-011
          23           6  7.30187938236916909E-010
          23           7 -2.68135816686400594E-009
          23           8 -6.19781105060136637E-005
          23           9 -6.34869188768115216E-005
          23          10 -3.32617971835543126E-007
          23          11 -1.22691479553030239E-005
          23          12 -1.23057605603146313E-007
          23          13  5.44545037475616111E-006
          23          14 -1.74572233730274916E-005
          23          15 -2.16787841032689624E-002
          23          16 -2.16323883361852799E-002
          23          17 -3.12532564008227796E-003
          23          18 -1.15522722429183683E-002
          23          19  8.60576301078960559E-005
          23          20  5.80535583101152424E-003
          23          21 -8.79080672169262230E-003
          23          22 -0.98671757464868814     
          23          23 -0.60023840225483061     
          23          24 -0.83104656791203579     
          23          25 -0.98613342599848441     
          23          26  1.32452803982819299E-002
          23          27  0.58475917588565773     
          23          28 -1.75869568940048918E-002
          24           1 -2.65658367398099286E-021
          24           2 -1.73352578559718274E-021
          24           3   0.0000000000000000     
          24           4 -6.38825175137679354E-045
          24           5 -2.81695477513714482E-049
          24           6  1.69514795041724229E-048
          24           7 -7.03174594951800779E-044
          24           8 -3.50884350317786466E-007
          24           9 -3.32870390829912586E-007
          24          10 -2.23574538767410067E-009
          24          11 -8.42945130079689207E-008
          24          12 -4.20471743029533477E-009
          24          13  3.04293428290512357E-008
          24          14 -1.20399082814998239E-007
          24          15 -4.64704861629490051E-003
          24          16 -3.11965568263685225E-003
          24          17 -3.83289285694277107E-006
          24          18 -1.39650729668952707E-004
          24          19 -8.10150428860525136E-006
          24          20  3.78440012855945138E-005
          24          21 -2.63810977828956488E-004
          24          22  -2.0335412240487072     
          24          23 -0.83104656791203579     
          24          24  -20.371516609923930     
          24          25  -5.2175016327897410     
          24          26 -9.60885827431128513E-003
          24          27  2.99022244732200237E-002
          24          28  3.22304887378034032E-005
          25           1 -1.91949017395442759E-009
          25           2 -1.85420443370732047E-009
          25           3 -6.38825995042954300E-045
          25           4 -1.85406010640621482E-023
          25           5 -3.05906925930328308E-027
          25           6  5.18946198094377991E-026
          25           7 -1.07478263252634623E-022
          25           8 -1.29653332724963958E-005
          25           9 -1.24869685086684028E-005
          25          10 -8.42945130073302314E-008
          25          11 -3.05288656826244512E-006
          25          12 -1.54388809701626655E-007
          25          13  1.22854560052550369E-006
          25          14 -4.28501080340241515E-006
          25          15 -1.48046140874760288E-002
          25          16 -1.15720763472573415E-002
          25          17 -1.39651943613249057E-004
          25          18 -4.52962344447113349E-003
          25          19 -1.92216389483143942E-004
          25          20  8.14439975062041118E-004
          25          21 -6.53501168039365837E-003
          25          22  -1.6984504593788154     
          25          23 -0.98613342599848441     
          25          24  -5.2175016327897410     
          25          25  -2.6952079770067630     
          25          26 -7.88161302167117994E-002
          25          27  0.29066902587602633     
          25          28  4.30467285752284272E-004
          26           1 -7.26214446718616168E-011
          26           2 -2.28319713316768275E-011
          26           3 -2.81696935656913980E-049
          26           4 -3.05906925930328308E-027
          26           5 -5.62922985247019077E-024
          26           6  1.45402151707119323E-028
          26           7 -1.79644474188890297E-026
          26           8 -5.84871826895278543E-007
          26           9 -4.59134083543099378E-008
          26          10 -4.16711276858441959E-009
          26          11 -1.28706565012602553E-007
          26          12 -9.95862516008068485E-008
          26          13  1.96180561324940040E-008
          26          14 -1.81875820085872004E-007
          26          15 -1.36296291015445279E-003
          26          16  5.01871293131789221E-004
          26          17 -8.63350619589497092E-006
          26          18 -6.60994269804511775E-005
          26          19 -8.97639367233183847E-004
          26          20  8.60842975954394999E-005
          26          21 -2.41178915424838133E-005
          26          22 -0.27169069920641198     
          26          23  1.32452803982819299E-002
          26          24 -9.60885827431128513E-003
          26          25 -7.88161302167117994E-002
          26          26 -0.31810609612996549     
          26          27  0.19925130850997363     
          26          28 -5.85872873461505683E-002
          27           1  7.22884773902241125E-010
          27           2  7.30187938230683379E-010
          27           3  1.69512021568300533E-048
          27           4  5.18946198094377762E-026
          27           5  1.45402151707119323E-028
          27           6 -5.63778394632868491E-024
          27           7  3.04752357384201004E-025
          27           8  5.22929610286562500E-006
          27           9  5.33297728487038712E-006
          27          10  3.03730442716187211E-008
          27          11  1.19009628967306533E-006
          27          12  1.96180561324939511E-008
          27          13 -5.09622682947285723E-007
          27          14  1.69915466754705915E-006
          27          15  4.90594418197193988E-003
          27          16  5.18838075494152794E-003
          27          17  3.86404695745929777E-005
          27          18  6.25628304498058096E-004
          27          19  8.60842975954394457E-005
          27          20 -1.24344123198069038E-003
          27          21  5.83636898962051616E-004
          27          22  0.74022313058807054     
          27          23  0.58475917588565773     
          27          24  2.99022244732200237E-002
          27          25  0.29066902587602633     
          27          26  0.19925130850997363     
          27          27 -0.65050839249700654     
          27          28  8.77053877895803691E-002
          28           1  2.78778581664897381E-009
          28           2  2.68135816680962915E-009
          28           3  7.03175505002923624E-044
          28           4  1.07478267645927257E-022
          28           5  1.79644546733506908E-026
          28           6 -3.04752219400108456E-025
          28           7  6.17001344852247752E-022
          28           8  1.86653728858405369E-005
          28           9  1.78908812675798085E-005
          28          10  1.20399082813589729E-007
          28          11  4.28501162959480961E-006
          28          12  2.32664856956665381E-007
          28          13 -1.77519177252921536E-006
          28          14  5.98361394022695987E-006
          28          15  1.14617707191401880E-002
          28          16  8.70887228806888763E-003
          28          17  2.63815551866714850E-004
          28          18  6.53515107410273469E-003
          28          19  2.70352067631469235E-004
          28          20 -9.52276927102416702E-004
          28          21  8.56378634309920041E-003
          28          22 -4.03354308393943789E-002
          28          23 -1.75869568940048918E-002
          28          24  3.22304887378034032E-005
          28          25  4.30467285752284272E-004
          28          26 -5.85872873461505683E-002
          28          27  8.77053877895803691E-002
          28          28 -0.22437697883135355     
